%COMP9334
%
% We put the linear equations in standard form A x = b
% 

A=[5 0 0 -2.5 0 0 0 0 0 0 0 0
0 7.5 0 -2.5 -2.5 0 0 0 0 0 0 0
0 0 7.5 0 -2.5 -5 0 0 0 0 0 0
-5 -2.5 0 10 0 0 -2.5 0 0 0 0 0
0 -5 -2.5 0 12.5 0 -2.5 -2.5 0 0 0 0
0 0 -5 0 0 12.5 0 -2.5 -5 0 0 0
0 0 0 -5 -2.5 0 10 0 0 -2.5 0 0
0 0 0 0 -5 -2.5 0 12.5 0 -2.5 -2.5 0
0 0 0 0 0 -5 0 0 7.5 0 -2.5 0
0 0 0 0 0 0 -5 -2.5 0 10 0 -2.5
0 0 0 0 0 0 0 -5 -2.5 0 7.5 -2.5
1 1 1 1 1 1 1 1 1 1 1 1];
b = [0 0 0 0 0 0 0 0 0 0 0 1]';
x = A\b;